-1.0 -1.0 0.6077543462545026 -1.0 -0.99 0.6152596344740973 2
-0.8 -0.8 1.3540410989505716 -0.835 -0.785 2.5642224060102987 10
-0.6 -0.6 1.8604080035446398 -0.63 -0.575 2.861057386432333 11
-0.4 -0.4 2.057050224582767 -0.42 -0.365 3.1579701079860096 11
-0.2 -0.2 1.9708874930511966 -0.21 -0.155 3.453493776766657 11
0.0 0.0 1.7171572875253809 0.0 0.055 3.7466976703671255 11
0.2 0.2 1.4634270819995652 0.185 0.275 5.471945991086535 18
0.4 0.4 0.8115789255187571 0.41 0.48 4.032060932230463 18
0.6 0.6 0.4425357216076461 0.515 0.58 3.7749080342045556 21
0.8 0.8 0.38321720125247616 0.73 0.79 3.3850193798414985 16
1.0 1.0 0.5638185289993071 0.94 0.995 3.0408371892959876 13
